# EURUSD hour-of-day expectancy - pin 2cee7e71

| hour_utc | n | WR | exp | PF |
|---:|---:|---:|---:|---:|
| 0 | 54 | 0.741 | 0.000967 | 3.413 |
| 1 | 211 | 0.635 | 0.000587 | 2.039 |
| 2 | 236 | 0.614 | 0.000395 | 1.593 |
| 3 | 156 | 0.628 | 0.000356 | 1.475 |
| 4 | 189 | 0.545 | 0.000072 | 1.085 |
| 5 | 207 | 0.618 | 0.000571 | 1.897 |
| 6 | 211 | 0.597 | 0.000428 | 1.539 |
| 7 | 260 | 0.612 | 0.000493 | 1.628 |
| 8 | 325 | 0.572 | 0.000413 | 1.471 |
| 9 | 328 | 0.671 | 0.000708 | 2.062 |
| 10 | 300 | 0.643 | 0.000752 | 2.137 |
| 11 | 228 | 0.667 | 0.000921 | 2.448 |
| 12 | 192 | 0.641 | 0.000573 | 1.747 |
| 13 | 255 | 0.671 | 0.000711 | 2.057 |
| 14 | 203 | 0.704 | 0.000855 | 2.358 |
| 15 | 197 | 0.787 | 0.001370 | 4.593 |
| 16 | 90 | 0.811 | 0.001456 | 6.069 |
| 17 | 36 | 0.806 | 0.001278 | 5.831 |
| 18 | 19 | 0.789 | 0.001583 | 10.320 |
| 19 | 15 | 0.867 | 0.002258 | 17.096 |
| 20 | 14 | 0.714 | 0.001456 | 7.057 |
| 21 | 12 | 0.583 | 0.000641 | 1.919 |
| 22 | 18 | 0.722 | 0.001288 | 3.303 |
| 23 | 35 | 0.571 | 0.000122 | 1.161 |
