# Yearly PF stability EURUSD vs EURJPY - 2026-10-01 Asia/Dhaka

| pair | year | n | WR | sum | PF |
|---|---:|---:|---:|---:|---:|
| EURUSD | 2015 | 172 | 0.483 | -0.0409 | 0.848 |
| EURUSD | 2016 | 174 | 0.454 | -0.0088 | 0.953 |
| EURUSD | 2017 | 179 | 0.603 | 0.0575 | 1.441 |
| EURUSD | 2018 | 176 | 0.568 | 0.0528 | 1.355 |
| EURUSD | 2019 | 208 | 0.558 | 0.0338 | 1.281 |
| EURUSD | 2020 | 184 | 0.462 | -0.0528 | 0.759 |
| EURUSD | 2021 | 195 | 0.446 | -0.0214 | 0.861 |
| EURUSD | 2022 | 470 | 0.747 | 0.7385 | 3.278 |
| EURUSD | 2023 | 562 | 0.714 | 0.5203 | 2.704 |
| EURUSD | 2024 | 567 | 0.713 | 0.4221 | 2.795 |
| EURUSD | 2025 | 535 | 0.729 | 0.5708 | 3.070 |
| EURUSD | 2026 | 369 | 0.683 | 0.2365 | 2.419 |
| EURJPY | 2015 | 492 | 0.693 | 0.6043 | 2.567 |
| EURJPY | 2016 | 528 | 0.752 | 0.9628 | 3.811 |
| EURJPY | 2017 | 523 | 0.709 | 0.5886 | 2.904 |
| EURJPY | 2018 | 495 | 0.782 | 0.7110 | 3.977 |
| EURJPY | 2019 | 528 | 0.769 | 0.5515 | 3.933 |
| EURJPY | 2020 | 503 | 0.710 | 0.5847 | 2.982 |
| EURJPY | 2021 | 534 | 0.704 | 0.3988 | 2.628 |
| EURJPY | 2022 | 504 | 0.688 | 0.7138 | 2.637 |
| EURJPY | 2023 | 539 | 0.731 | 0.6692 | 2.853 |
| EURJPY | 2024 | 461 | 0.733 | 0.5740 | 3.157 |
| EURJPY | 2025 | 504 | 0.692 | 0.5130 | 2.747 |
| EURJPY | 2026 | 323 | 0.712 | 0.2394 | 2.829 |
